# Init pose
INIT_X: -70.34309387207031
INIT_Y: 55.68268585205078
INIT_Z: 0.0
INIT_ROLL: 0.0
INIT_PITCH: 0.0
INIT_YAW: 3.14

# Parameters
INIT_SIGMA: 0.00001
SIGMA_IMU: 0.0001
SIGMA_ODOM: 0.0001
SIGMA_NDT: 0.0001

#MOTION_NOISE_NN: 0.01
#MOTION_NOISE_NO: 0.001
#MOTION_NOISE_ON: 0.0001
#MOTION_NOISE_OO: 0.0001